      Resample SVM_Radial~MAE SVM_Radial~RMSE SVM_Radial~Rsquared  GBM~MAE
1  Fold01.Rep1       35.31233        74.83365           0.5006124 36.37178
2  Fold01.Rep2       35.86000        78.26100           0.4663237 36.84295
3  Fold01.Rep3       34.01653        72.30013           0.4695567 35.19830
4  Fold02.Rep1       33.57198        71.66435           0.5339042 34.02183
5  Fold02.Rep2       35.09878        75.38483           0.4424077 35.49983
6  Fold02.Rep3       35.25898        74.70821           0.5018132 35.67107
7  Fold03.Rep1       35.97358        79.87796           0.4755267 35.63941
8  Fold03.Rep2       34.10861        73.37160           0.4317034 35.80701
9  Fold03.Rep3       34.49955        76.03775           0.4450430 35.91250
10 Fold04.Rep1       35.07925        74.80838           0.4192098 35.86574
11 Fold04.Rep2       34.00184        76.45720           0.4826535 35.27213
12 Fold04.Rep3       34.59488        74.54499           0.4211701 34.75885
13 Fold05.Rep1       35.94458        77.47097           0.4677565 35.96317
14 Fold05.Rep2       35.03682        75.80415           0.4470775 35.50419
15 Fold05.Rep3       35.34123        79.66509           0.4755983 35.48012
16 Fold06.Rep1       34.19584        70.92067           0.4506184 34.82390
17 Fold06.Rep2       34.81717        75.55296           0.4232621 35.25222
18 Fold06.Rep3       34.92545        74.77952           0.4479225 36.61333
19 Fold07.Rep1       34.01279        74.68013           0.4448794 33.46609
20 Fold07.Rep2       33.60407        71.58260           0.5089822 34.68793
21 Fold07.Rep3       34.04497        74.25263           0.4872846 35.26217
22 Fold08.Rep1       35.41367        79.30200           0.4226338 37.26863
23 Fold08.Rep2       33.65957        72.53540           0.5298761 34.47591
24 Fold08.Rep3       35.91904        75.65212           0.4861617 35.00918
25 Fold09.Rep1       33.97542        76.59168           0.4294123 35.44756
26 Fold09.Rep2       33.72013        71.54154           0.4891535 34.13938
27 Fold09.Rep3       36.83819        81.67000           0.4360764 36.42236
28 Fold10.Rep1       35.76590        77.25135           0.4442806 35.72022
29 Fold10.Rep2       36.40777        78.09374           0.4911179 35.06156
30 Fold10.Rep3       33.98894        73.27128           0.4510075 34.25493
   GBM~RMSE GBM~Rsquared   Lm~MAE   Lm~RMSE Lm~Rsquared   RF~MAE  RF~RMSE
1  67.87675    0.5861215 50.99779  91.16650   0.1960147 32.82145 68.75553
2  69.95731    0.5692254 50.83577  90.92870   0.1745717 33.06931 71.48696
3  64.41435    0.5738568 53.77212  96.42874   0.1391230 31.27601 64.18459
4  63.29239    0.6332522 54.67597  97.76505   0.1449063 31.49990 65.06194
5  65.69613    0.5730276 54.03019  95.99897   0.1403566 31.57402 67.00541
6  65.91912    0.6063948 53.49292  92.88051   0.1678614 31.53499 65.92057
7  68.13112    0.6140233 54.46571  96.83897   0.1753241 32.08407 69.92658
8  66.44635    0.5332584 52.98697  94.82001   0.1710676 31.27546 66.53268
9  68.58610    0.5438687 55.27576  96.82791   0.1603940 32.78406 70.71303
10 67.94725    0.5162529 53.10643  96.51895   0.1859176 30.84778 66.40368
11 64.90395    0.6221455 51.14129  87.85353   0.1937127 30.72261 66.71768
12 63.15431    0.5745507 52.53809  94.43421   0.1847816 31.10128 64.35517
13 64.50334    0.6262453 51.68950  89.87458   0.2021810 31.77616 66.45823
14 67.16049    0.5623149 57.66621 103.41000   0.1465025 31.92491 67.66154
15 68.09218    0.6097938 53.88777  96.13459   0.1494941 31.15118 69.46605
16 61.05332    0.5889811 52.58210  89.76435   0.1756309 30.26823 60.81744
17 65.14672    0.5667260 54.66259  99.16536   0.1734498 31.28066 65.42765
18 67.68601    0.5450382 51.57883  87.21420   0.1704243 31.42450 65.32483
19 63.03221    0.5995183 50.10391  89.89584   0.1590982 29.36982 61.56868
20 62.88171    0.6151991 53.98025  94.25944   0.1727334 30.73998 63.21543
21 66.92516    0.5793114 50.41443  89.40638   0.1843169 31.33443 66.43763
22 70.37036    0.5411226 53.81499  94.98130   0.1718192 31.74540 68.87502
23 64.39272    0.6235893 52.52163  91.87738   0.1654642 30.56841 64.70991
24 64.75166    0.6191608 52.89970  97.75029   0.1890833 31.33857 65.22369
25 67.77920    0.5482327 53.67894  91.20601   0.1344818 30.94823 67.62371
26 62.98839    0.6010793 51.62751  86.26126   0.1861671 30.63886 63.29179
27 69.67119    0.5849269 52.47040  90.19484   0.1741634 32.76379 70.67740
28 66.11292    0.5896599 53.80689  95.31664   0.1719252 32.31619 67.05634
29 64.91666    0.6463231 49.23348  87.43464   0.2024925 31.81877 66.75234
30 63.76278    0.5793307 52.68919  91.94944   0.1943492 30.29352 63.85964
   RF~Rsquared  KNN~MAE  KNN~RMSE KNN~Rsquared
1    0.5810475 53.75001  99.42760   0.12949814
2    0.5546938 53.20978  96.02593   0.12986351
3    0.5795770 53.76449  96.64926   0.12239400
4    0.6191428 55.33097 100.63639   0.14666853
5    0.5573070 51.49026  90.55721   0.11422791
6    0.6155952 54.22684 103.75971   0.13330424
7    0.6068144 52.51506  98.53611   0.10954287
8    0.5277466 54.82861 103.83303   0.09180777
9    0.5154031 51.44225  95.74344   0.12634954
10   0.5387394 52.96730  93.68281   0.11936674
11   0.6076853 50.88788  93.77207   0.12389228
12   0.5571769 52.65531  96.17335   0.10986524
13   0.6105614 51.94943  99.06218   0.11919520
14   0.5563078 52.59468  95.91069   0.13198755
15   0.6089331 49.99882  91.57616   0.13492988
16   0.5931731 53.77896  97.26337   0.10906735
17   0.5646140 51.50943  95.31913   0.15134246
18   0.5756325 54.28809  99.49799   0.10483215
19   0.6227211 52.57392  99.20600   0.14997974
20   0.6172048 53.44366  96.86006   0.11414673
21   0.5891598 54.82579 101.95650   0.10674814
22   0.5619974 52.36954  97.15264   0.11623356
23   0.6289059 54.01002 100.91735   0.10436396
24   0.6252775 52.76049  93.50381   0.13309628
25   0.5499136 53.23236  98.84605   0.11999055
26   0.5994665 52.74406  99.09551   0.12923602
27   0.5798200 51.57566  93.89826   0.11238896
28   0.5829311 51.35809  89.42172   0.11305388
29   0.6390865 58.22155 106.11426   0.08171560
30   0.5761626 55.34167 102.56626   0.11846846
